logprobs = [6991 6991 6990 6989 6989 6987 6986 6986 6984 6984 6983 6983 6983 6983 6983 6983 6982 6981 6979 6979 6977 6977 6977 6975 6974 6974 6974 6973 6973 6973 6973 6972 6972 6972 6972 6971 6971 6971 6971 6970 6970 6969 6968 6968 6968 6968 6966 6965 6964 6964 6964 6964 6964 6964 6962 6960 6959 6959 6959 6958 6958 6957 6957 6957 6956 6956 6955 6954 6954 6954 6954 6953 6953 6953 6953 6953 6953 6952 6951 6950 6949 6949 6949 6949 6949 6948 6947 6946 6945 6945 6945 6945 6944 6943 6943 6942 6941 6940 6940 6940 6939 6939 6937 6936 6935 6935 6935 6935 6935 6934 6934 6932 6931 6929 6929 6928 6928 6928 6928 6928 6927 6927 6927 6926 6925 6923 6922 6922 6922 6921 6921 6921 6920 6919 6919 6919 6918 6918 6918 6916 6916 6916 6914 6913 6911 6910 6910 6908 6907 6907 6907 6907 6906 6905 6905 6904 6903 6902 6901 6899 6899 6897 6897 6897 6897 6896 6896 6896 6896 6896 6896 6896 6895 6895 6895 6895 6895 6895 6894 6894 6893 6889 6888 6887 6887 6887 6885 6885 6885 6884 6884 6884 6883 6883 6881 6880 6879 6877 6877 6877 6872 6872 6872 6872 6871 6870 6869 6867 6867 6867 6864 6864 6862 6862 6861 6860 6860 6860 6859 6859 6859 6858 6858 6858 6858 6857 6856 6855 6855 6850 6848 6848 6848 6848 6847 6847 6846 6846 6845 6845 6844 6843 6841 6840 6839 6837 6836 6833 6831 6831 6830 6828 6828 6826 6824 6824 6822 6821 6820 6819 6818 6818 6818 6814 6814 6814 6813 6813 6813 6811 6811 6811 6810 6810 6808 6808 6804 6804 6804 6803 6803 6803 6801 6801 6801 6800 6796 6795 6794 6792 6791 6791 6789 6787 6787 6786 6783 6783 6781 6780 6780 6779 6779 6778 6778 6775 6775 6773 6770 6770 6770 6770 6770 6770 6768 6766 6764 6764 6764 6762 6761 6757 6756 6756 6756 6755 6755 6755 6753 6752 6752 6752 6751 6747 6745 6745 6743 6742 6742 6741 6741 6740 6738 6737 6737 6737 6735 6734 6734 6734 6734 6732 6731 6730 6728 6728 6726 6725 6725 6725 6723 6723 6721 6720 6719 6715 6714 6713 6712 6709 6706 6706 6705 6703 6703 6702 6702 6701 6698 6697 6697 6694 6692 6691 6690 6689 6687 6686 6683 6682 6677 6676 6674 6673 6672 6670 6670 6669 6666 6666 6664 6664 6663 6662 6661 6657 6657 6653 6653 6652 6651 6650 6650 6648 6648 6648 6646 6645 6645 6645 6644 6642 6641 6639 6638 6636 6634 6632 6630 6630 6630 6630 6627 6626 6623 6623 6622 6621 6617 6616 6615 6614 6614 6612 6611 6605 6602 6601 6600 6598 6594 6593 6592 6590 6589 6588 6585 6584 6582 6579 6576 6573 6571 6570 6568 6567 6566 6565 6565 6563 6563 6560 6557 6556 6553 6552 6551 6547 6544 6541 6536 6534 6533 6532 6531 6529 6525 6522 6520 6518 6516 6516 6512 6511 6509 6506 6501 6498 6496 6495 6493 6491 6491 6490 6489 6484 6483 6482 6480 6480 6479 6477 6474 6473 6473 6471 6470 6467 6466 6465 6464 6462 6460 6456 6454 6453 6452 6448 6448 6447 6447 6446 6440 6438 6435 6434 6433 6429 6429 6426 6426 6425 6421 6418 6416 6415 6415 6413 6410 6406 6404 6402 6401 6399 6397 6396 6392 6391 6391 6386 6386 6386 6384 6375 6372 6371 6371 6367 6366 6365 6364 6361 6355 6352 6349 6345 6338 6334 6334 6330 6328 6325 6324 6323 6320 6318 6318 6314 6314 6312 6305 6299 6297 6292 6292 6291 6290 6289 6286 6284 6283 6280 6276 6272 6268 6264 6260 6258 6256 6251 6248 6247 6243 6239 6237 6230 6229 6227 6227 6223 6219 6218 6217 6211 6211 6207 6207 6203 6199 6195 6194 6192 6190 6188 6182 6179 6175 6174 6172 6169 6169 6166 6165 6164 6162 6160 6154 6154 6149 6148 6147 6143 6137 6134 6130 6126 6123 6121 6118 6112 6105 6100 6098 6095 6092 6088 6087 6081 6075 6069 6062 6058 6054 6048 6041 6038 6034 6031 6028 6026 6022 6020 6019 6010 6007 6004 6001 5999 5996 5995 5991 5988 5983 5978 5976 5974 5972 5967 5964 5962 5958 5952 5949 5945 5943 5942 5934 5930 5927 5921 5914 5908 5907 5905 5898 5894 5893 5886 5882 5881 5875 5871 5868 5866 5862 5859 5853 5850 5842 5839 5834 5831 5826 5823 5815 5811 5808 5805 5802 5797 5791 5784 5780 5776 5769 5764 5758 5751 5745 5734 5727 5723 5720 5717 5715 5703 5696 5693 5689 5683 5678 5672 5666 5662 5656 5651 5644 5637 5635 5633 5625 5615 5612 5608 5606 5593 5583 5578 5571 5563 5555 5552 5547 5541 5536 5531 5527 5518 5513 5508 5502 5496 5489 5480 5473 5465 5460 5452 5444 5440 5432 5426 5418 5413 5403 5399 5393 5384 5381 5376 5372 5367 5356 5349 5343 5335 5329 5326 5320 5311 5307 5304 5290 5284 5278 5271 5266 5261 5255 5243 5235 5226 5221 5219 5213 5205 5195 5188 5183 5178 5169 5163 5147 5137 5126 5119 5112 5106 5100 5095 5088 5080 5071 5066 5056 5049 5041 5030 5017 5003 4998 4991 4975 4968 4956 4950 4938 4933 4925 4918 4912 4897 4885 4874 4869 4860 4852 4840 4830 4815 4807 4794 4786 4781 4769 4760 4749 4737 4723 4711 4694 4683 4673 4659 4651 4643 4631 4626 4616 4603 4589 4579 4571 4560 4548 4536 4526 4512 4499 4484 4474 4452 4440 4432 4414 4400 4389 4378 4360 4346 4330 4311 4300 4283 4277 4261 4247 4227 4213 4195 4177 4163 4142 4117 4100 4079 4061 4042 4021 3997 3984 3964 3947 3932 3916 3896 3874 3845 3828 3804 3781 3753 3727 3698 3674 3653 3626 3606 3586 3560 3539 3510 3489 3464 3427 3391 3360 3323 3302 3282 3252 3217 3174 3144 3116 3078 3041 2991 2943 2901 2851 2810 2756 2700 2632 2548 2466 2394 2298 2201 2078 1955 1827 1664 1488 1247 1014 718 384  0];
logprobs = logprobs/10000;
likelyhoodslog = logspace(-17,0,1000);
